[Tracking]
Smooth=1
invertYaw=false
invertPitch=false
invertRoll=false
invertX=false
invertY=false
invertZ=false

[GameProtocol]
DLL=FTNoIR_Protocol_FT.dll

[KB_Shortcuts]
Keycode_Center=199
Shift_Center=false
Ctrl_Center=false
Alt_Center=false
Keycode_StartStop=207
Shift_StartStop=false
Ctrl_StartStop=false
Alt_StartStop=false

[PPJoy]
Selection=1

[FSUIPC]
LocationOfDLL=C:/Program Files/Microsoft Games/Flight Simulator 9/Modules/FSUIPC.dll

[TrackerSource]
Selection=0
DLL=FTNoIR_Tracker_SM.dll
2ndDLL=None

[Curves-Yaw]
point-count=2
point-0-x=25
point-0-y=90
point-1-x=50
point-1-y=180

[Curves-PitchUp]
point-count=1
point-0-x=35.25
point-0-y=86

[Curves-PitchDown]
point-count=1
point-0-x=27
point-0-y=50.5

[Curves-Roll]
point-count=1
point-0-x=26.25
point-0-y=49

[Curves-X]
point-count=1
point-0-x=41
point-0-y=41

[Curves-Y]
point-count=1
point-0-x=25
point-0-y=23

[Curves-Z]
point-count=1
point-0-x=39.75
point-0-y=40

[Filter]
DLL=FTNoIR_Filter_Accela.dll

[SMTracker]
FilterLevel=1
EnableRoll=true
EnablePitch=true
EnableYaw=true
EnableX=true
EnableY=true
EnableZ=true

[Accela]
Reduction=100
zoom-slowness=20

[Curves-Accela-Scaling-Rotation]
point-count=11
point-0-x=0.418848156929016
point-0-y=0.0399999991059303
point-1-x=0.759162306785583
point-1-y=0.106666669249535
point-2-x=1.03141355514526
point-2-y=0.200000002980232
point-3-x=1.40314136125654
point-3-y=0.4
point-4-x=1.73298429319372
point-4-y=0.706666666666667
point-5-x=2.09424083769634
point-5-y=1.18666666666667
point-6-x=2.40837696335079
point-6-y=1.85333333333333
point-7-x=2.64397905759162
point-7-y=2.61333333333333
point-8-x=2.84816753926702
point-8-y=3.61333333333333
point-9-x=2.98429319371728
point-9-y=4.52
point-10-x=3.08900523560209
point-10-y=6

[Curves-Accela-Scaling-Translation]
point-count=7
point-0-x=0
point-0-y=0
point-1-x=0.460732996463776
point-1-y=0.0799999982118607
point-2-x=0.874345541000366
point-2-y=0.293333321809769
point-3-x=1.48167538642883
point-3-y=0.986666679382324
point-4-x=2.0209424495697
point-4-y=2
point-5-x=2.49738216400146
point-5-y=4.01333332061768
point-6-x=2.61780095100403
point-6-y=6