[Tracking]
Smooth=1
invertYaw=false
invertPitch=false
invertRoll=false
invertX=false
invertY=false
invertZ=false

[GameProtocol]
DLL=FTNoIR_Protocol_FT.dll

[KB_Shortcuts]
Keycode_Center=199
Shift_Center=false
Ctrl_Center=false
Alt_Center=false
Keycode_StartStop=207
Shift_StartStop=false
Ctrl_StartStop=false
Alt_StartStop=false

[PPJoy]
Selection=1

[FSUIPC]
LocationOfDLL=C:/Program Files/Microsoft Games/Flight Simulator 9/Modules/FSUIPC.dll

[TrackerSource]
Selection=0
DLL=FTNoIR_Tracker_SM.dll
2ndDLL=None

[Curves-Yaw]
point-count=2
point-0-x=25
point-0-y=90
point-1-x=50
point-1-y=180

[Curves-PitchUp]
point-count=1
point-0-x=35.25
point-0-y=86

[Curves-PitchDown]
point-count=1
point-0-x=27
point-0-y=50.5

[Curves-Roll]
point-count=1
point-0-x=26.25
point-0-y=49

[Curves-X]
point-count=1
point-0-x=41
point-0-y=41

[Curves-Y]
point-count=1
point-0-x=25
point-0-y=23

[Curves-Z]
point-count=1
point-0-x=39.75
point-0-y=40

[Filter]
DLL=FTNoIR_Filter_Accela.dll

[SMTracker]
FilterLevel=1
EnableRoll=true
EnablePitch=true
EnableYaw=true
EnableX=true
EnableY=true
EnableZ=true

[Accela]
Reduction=100
zoom-slowness=20

[Curves-Accela-Scaling-Rotation]
point-count=9
point-0-x=0.429319381713867
point-0-y=0.106666669249535
point-1-x=1
point-1-y=0.306666672229767
point-2-x=1.73821985721588
point-2-y=0.666666686534882
point-3-x=2.14659690856934
point-3-y=1.09333336353302
point-4-x=2.4240837097168
point-4-y=1.65333330631256
point-5-x=2.6439790725708
point-5-y=2.35999989509583
point-6-x=2.85340309143066
point-6-y=3.27999997138977
point-7-x=3
point-7-y=4.40000009536743
point-8-x=3.09424090385437
point-8-y=6

[Curves-Accela-Scaling-Translation]
point-count=6
point-0-x=0
point-0-y=0
point-1-x=0.476439790575916
point-1-y=0.173333333333333
point-2-x=1.01047120418848
point-2-y=0.613333333333333
point-3-x=1.4869109947644
point-3-y=1.45333333333333
point-4-x=1.91099476439791
point-4-y=2.90666666666667
point-5-x=2.15183246073298
point-5-y=5.98666666666667