[Tracking]
Smooth=1
invertYaw=false
invertPitch=false
invertRoll=false
invertX=false
invertY=false
invertZ=false

[GameProtocol]
DLL=FTNoIR_Protocol_FT.dll

[KB_Shortcuts]
Keycode_Center=199
Shift_Center=false
Ctrl_Center=false
Alt_Center=false
Keycode_StartStop=207
Shift_StartStop=false
Ctrl_StartStop=false
Alt_StartStop=false

[PPJoy]
Selection=1

[FSUIPC]
LocationOfDLL=C:/Program Files/Microsoft Games/Flight Simulator 9/Modules/FSUIPC.dll

[TrackerSource]
Selection=0
DLL=FTNoIR_Tracker_SM.dll
2ndDLL=None

[Curves-Yaw]
point-count=2
point-0-x=25
point-0-y=90
point-1-x=50
point-1-y=180

[Curves-PitchUp]
point-count=1
point-0-x=35.25
point-0-y=86

[Curves-PitchDown]
point-count=1
point-0-x=27
point-0-y=50.5

[Curves-Roll]
point-count=1
point-0-x=26.25
point-0-y=49

[Curves-X]
point-count=1
point-0-x=41
point-0-y=41

[Curves-Y]
point-count=1
point-0-x=25
point-0-y=23

[Curves-Z]
point-count=1
point-0-x=39.75
point-0-y=40

[Filter]
DLL=FTNoIR_Filter_Accela.dll

[SMTracker]
FilterLevel=1
EnableRoll=true
EnablePitch=true
EnableYaw=true
EnableX=true
EnableY=true
EnableZ=true

[Accela]
Reduction=100

[Curves-Accela-Scaling-Rotation]
point-count=12
point-0-x=0
point-0-y=0
point-1-x=0.308900523560209
point-1-y=0.0666666666666667
point-2-x=0.565445026178011
point-2-y=0.226666666666667
point-3-x=0.769633507853403
point-3-y=0.506666666666667
point-4-x=0.994764397905759
point-4-y=1
point-5-x=1.23560209424084
point-5-y=1.61333333333333
point-6-x=1.47643979057592
point-6-y=2.37333333333333
point-7-x=1.66492146596859
point-7-y=3.12
point-8-x=1.80628272251309
point-8-y=3.92
point-9-x=1.91623036649215
point-9-y=4.70666666666667
point-10-x=2.00523560209424
point-10-y=5.44
point-11-x=2.07329842931937
point-11-y=6

[Curves-Accela-Scaling-Translation]
point-count=10
point-0-x=0
point-0-y=0
point-1-x=0.282722513089005
point-1-y=0.08
point-2-x=0.492146596858639
point-2-y=0.306666666666667
point-3-x=0.764397905759162
point-3-y=0.84
point-4-x=1.00523560209424
point-4-y=1.62666666666667
point-5-x=1.17277486910995
point-5-y=2.78666666666667
point-6-x=1.25130890052356
point-6-y=3.6
point-7-x=1.31937172774869
point-7-y=4.29333333333333
point-8-x=1.38219895287958
point-8-y=4.90666666666667
point-9-x=1.43455497382199
point-9-y=5.65333333333333
