[Tracking]
Smooth=1
invertYaw=false
invertPitch=true
invertRoll=false
invertX=false
invertY=true
invertZ=false
useEWMA=true
redYaw=60
redPitch=60
redRoll=60
redX=71
redY=70
redZ=70

[GameProtocol]
Selection=1
DLL=FTNoIR_Protocol_FTIR.dll

[KB_Shortcuts]
Keycode_Center=199
Shift_Center=false
Ctrl_Center=false
Alt_Center=false
Keycode_StartStop=207
Shift_StartStop=false
Ctrl_StartStop=false
Alt_StartStop=false

[PPJoy]
Selection=1

[FSUIPC]
LocationOfDLL=C:/Program Files/Microsoft Games/Flight Simulator 9/Modules/FSUIPC.dll

[TrackerSource]
Selection=0
DLL=FTNoIR_Tracker_HT.dll
2ndDLL=None

[Filter]
DLL=FTNoIR_Filter_Accela.dll

[Curves-Yaw]
point-count=1
point-0-x=22
point-0-y=180

[Curves-PitchUp]
point-count=1
point-0-x=18.75
point-0-y=86

[Curves-PitchDown]
point-count=1
point-0-x=19.75
point-0-y=71

[Curves-Roll]
point-count=1
point-0-x=45.25
point-0-y=85

[Curves-X]
point-count=1
point-0-x=12
point-0-y=180
point-1-x=49
point-1-y=177

[Curves-Y]
point-count=1
point-0-x=30
point-0-y=180
point-1-x=50
point-1-y=180

[Curves-Z]
point-count=1
point-0-x=7.25
point-0-y=54
point-1-x=50
point-1-y=180

[Curves-Accela-Scaling-Rotation]
point-count=7
point-0-x=0
point-0-y=0
point-1-x=0.659685863874346
point-1-y=0.373333333333333
point-2-x=0.87434554973822
point-2-y=0.68
point-3-x=1.01047120418848
point-3-y=1.09333333333333
point-4-x=1.07853403141361
point-4-y=1.44
point-5-x=1.12041884816754
point-5-y=1.98666666666667
point-6-x=1.19895287958115
point-6-y=4.2
point-7-x=2.58638743455497
point-7-y=3.97333333333333
point-8-x=2.65968586387435
point-8-y=4.66666666666667
point-9-x=2.6020942408377
point-9-y=6
point-10-x=2.71727748691099
point-10-y=4.49333333333333
point-11-x=2.86387434554974
point-11-y=5.12
point-12-x=3
point-12-y=6

[Curves-Accela-Scaling-Translation]
point-count=5
point-0-x=0
point-0-y=0
point-1-x=0.371727748691099
point-1-y=0.4
point-2-x=0.591623036649215
point-2-y=1.24
point-3-x=0.712041884816754
point-3-y=2.82666666666667
point-4-x=0.769633507853403
point-4-y=4.81333333333333
point-5-x=1.07329842931937
point-5-y=2.90666666666667
point-6-x=1.14659685863874
point-6-y=3.78666666666667
point-7-x=1.31937172774869
point-7-y=4.29333333333333
point-8-x=1.38219895287958
point-8-y=4.90666666666667
point-9-x=1.43455497382199
point-9-y=5.65333333333333

[SMTracker]
FilterLevel=0
EnableRoll=true
EnablePitch=true
EnableYaw=true
EnableX=true
EnableY=true
EnableZ=true

[FTIR]
useTIRViews=false
useDummyExe=false

[HT-Tracker]
fov=57.6
fps=0
camera-index=-1
enable-rx=2
enable-ry=2
enable-rz=2
enable-tx=2
enable-ty=2
enable-tz=2

[Accela]
Reduction=100
