[Tracking]
Smooth=1
invertYaw=false
invertPitch=false
invertRoll=false
invertX=false
invertY=false
invertZ=false
useEWMA=true

[GameProtocol]
DLL=FTNoIR_Protocol_SC.dll
Selection=1

[TrackerSource]
DLL=FTNoIR_Tracker_SM.dll
2ndDLL=None
Selection=0

[Filter]
DLL=FTNoIR_Filter_Accela.dll

[KB_Shortcuts]
Keycode_Center=199
Shift_Center=false
Ctrl_Center=false
Alt_Center=false
Keycode_StartStop=207
Shift_StartStop=false
Ctrl_StartStop=false
Alt_StartStop=false
SetZero=false
Keycode_Inhibit=0
Shift_Inhibit=false
Ctrl_Inhibit=false
Alt_Inhibit=false
Inhibit_Pitch=false
Inhibit_Yaw=false
Inhibit_Roll=false
Inhibit_X=false
Inhibit_Y=false
Inhibit_Z=false
SetEngineStop=true
MouseKey_Center=3
MouseKey_GameZero=0
Keycode_GameZero=0
Shift_GameZero=false
Ctrl_GameZero=false
Alt_GameZero=false
MouseKey_StartStop=0
MouseKey_Inhibit=0

[Curves-Yaw]
point-count=2
point-0-x=25
point-0-y=90
point-1-x=50
point-1-y=180

[Curves-PitchUp]
point-count=1
point-0-x=25
point-0-y=90
point-1-x=50
point-1-y=180

[Curves-PitchDown]
point-count=2
point-0-x=25
point-0-y=45
point-1-x=43.5
point-1-y=70.5

[Curves-Roll]
point-count=1
point-0-x=17
point-0-y=41
point-1-x=50
point-1-y=180

[Curves-X]
point-count=1
point-0-x=25
point-0-y=90

[Curves-Y]
point-count=1
point-0-x=25
point-0-y=90

[Curves-Z]
point-count=1
point-0-x=25
point-0-y=90

[Curves-Accela-Scaling-Rotation]
point-count=12
point-0-x=0
point-0-y=0
point-1-x=0.308900523560209
point-1-y=0.0666666666666667
point-2-x=0.565445026178011
point-2-y=0.226666666666667
point-3-x=0.769633507853403
point-3-y=0.506666666666667
point-4-x=0.994764397905759
point-4-y=1
point-5-x=1.23560209424084
point-5-y=1.61333333333333
point-6-x=1.47643979057592
point-6-y=2.37333333333333
point-7-x=1.66492146596859
point-7-y=3.12
point-8-x=1.80628272251309
point-8-y=3.92
point-9-x=1.91623036649215
point-9-y=4.70666666666667
point-10-x=2.00523560209424
point-10-y=5.44
point-11-x=2.07329842931937
point-11-y=6

[Curves-Accela-Scaling-Translation]
point-count=10
point-0-x=0
point-0-y=0
point-1-x=0.282722513089005
point-1-y=0.08
point-2-x=0.492146596858639
point-2-y=0.306666666666667
point-3-x=0.764397905759162
point-3-y=0.84
point-4-x=1.00523560209424
point-4-y=1.62666666666667
point-5-x=1.17277486910995
point-5-y=2.78666666666667
point-6-x=1.25130890052356
point-6-y=3.6
point-7-x=1.31937172774869
point-7-y=4.29333333333333
point-8-x=1.38219895287958
point-8-y=4.90666666666667
point-9-x=1.43455497382199
point-9-y=5.65333333333333
